tol 1 3 -0.301029995663981
tol 3 5 1.62838893005031
tol 5 7 0.643452676486187
tol 7 9 0.845098040014257
tol 9 11 1.94448267215017
tol 11 13 2.65928219341433
tol 13 15 1.91733042610655
tol 15 17 1.47712125471966
tol 17 19 2.23299611039215
tol 19 21 0.937852093251155
tol 21 23 1.64836001098093
tol 23 25 1.77918405582141
tol 25 27 2.50545146703865
tol 27 29 1.26717172840301
tol 29 31 1.91907809237607
tol 31 33 0.763427993562937
tol 33 35 0
tol 35 37 1.83250891270624
tol 37 39 0.397940008672038
tol 39 41 1.13033376849501
tol 41 43 0
tol 43 45 0.367976785294594
tol 45 47 0
tol 47 49 1.74233228235715
tol 49 51 1.67209785793572
tol 51 53 1.73239375982297
tol 53 55 0.698970004336019
tol 55 57 0
tol 57 59 1.14612803567824
tol 59 61 2.02448566769917
tol 61 63 3.57220338966716
tol 63 65 1.21748394421391
tol 65 67 0.511883360978874
tol 67 69 0.778151250383644
tol 69 71 2.84385542262316
tol 71 73 0.397940008672038
tol 73 75 2.28103336724773
tol 75 77 2.14612803567824
tol 77 79 0.726998727936262
tol 79 81 1.63346845557959
tol 81 83 1.86923171973098
tol 83 85 2.38590404150981
tol 85 87 -0.301029995663981
tol 87 89 1.25527250510331
tol 89 91 2.43775056282039
tol 91 93 1.97772360528885
tol 93 95 0.176091259055681
tol 95 97 1.54818461054511
tol 97 99 0.564271430438563
tol 99 101 1.04139268515822
tol 101 103 3.09105112413418
tol 103 105 3.57408916979859
tol 105 107 3.48230176722344
tol 107 109 3.13225968953104
tol 109 111 -0.477121254719662
tol 111 113 1.23044892137827
tol 113 115 1.53781909507327
tol 115 117 1.26951294421792
tol 117 119 0.740362689494244
tol 119 121 0.397940008672038
tol 121 123 0.756961951313705
tol 123 125 1.45863784902565
tol 125 127 1.84509804001426
tol 127 129 1.51982799377572
tol 129 131 1.44715803134222
tol 131 133 2.69635638873333
tol 133 135 1.54406804435028
tol 135 137 2.14113609012074
tol 137 139 1.41912930774198
tol 139 141 1.4983105537896
tol 141 143 1.79934054945358
tol 143 145 1.70586371228392
tol 145 147 3.22438505392035
tol 147 149 2.20139712432045
tol 149 151 1.42324587393681
tol 151 153 1.16136800223497
tol 153 155 2.50942655869506
tol 155 157 0.795880017344075
tol 157 159 2.72272530485543
tol 159 161 3.32023533258273
tol 161 163 0
tol 163 165 0
tol 165 167 2.93475087466358
tol 167 169 3.01535975540921
tol 169 171 1.96142109406645
tol 171 173 1.48429983934679
tol 173 175 -0.301029995663981
tol 175 177 0
tol 177 179 -0.301029995663981
tol 179 181 1.46239799789896
tol 181 183 1.5910646070265
tol 183 185 3.5065862013579
tol 185 187 1.13717319302531
tol 187 189 2.36735592102602
tol 189 191 1.56498867995238
tol 191 193 2.20682587603185
tol 193 195 0.916453948549925
tol 195 197 0
tol 197 199 0.778151250383644
tol 199 201 0
tol 201 203 -0.301029995663981
tol 203 205 1.07918124604762
tol 205 207 1.79098847508882
tol 207 209 1.34242268082221
tol 209 211 0.8750612633917
tol 211 213 1.01223445641701
tol 213 215 1.27875360095283
tol 215 217 1.40654018043396
tol 217 219 0.698970004336019
tol 219 221 0
tol 221 223 -0.301029995663981
tol 223 225 0.698970004336019
tol 225 227 2.09442121260436
tol 227 229 1.24715461488113
tol 229 231 1.60205999132796
tol 231 233 1.93617850936159
tol 233 235 0.301029995663981
tol 235 237 0.834632606336092
tol 237 239 0.726998727936262
tol 239 241 0.698970004336019
tol 241 243 0.583576585633949
tol 243 245 1.05115252244738
tol 245 247 0.301029995663981
tol 247 249 0.94023179499651
tol 249 251 0.234083206033368
tol 251 253 -0.301029995663981
tol 253 255 0.196294645143968
tol 255 257 0.221848749616356
tol 257 259 0.544068044350276
tol 259 261 0.176091259055681
tol 261 263 -0.221848749616356
tol 263 265 -0.301029995663981
tol 265 267 -0.301029995663981
tol 267 269 0.1249387366083
tol 269 271 0.176091259055681
tol 271 273 1.9658808168514
tol 273 275 0.352182518111362
tol 275 277 1.97772360528885
tol 277 279 1.64345267648619
tol 279 281 1.25527250510331
tol 281 283 0.477121254719662
tol 283 285 2.48082791575721
tol 285 287 2.35024801833416
tol 287 289 0.698970004336019
tol 289 291 0.602059991327962
tol 291 293 0.903089986991943
tol 293 295 0.477121254719662
tol 295 297 2.7041505168398
tol 297 299 2.40312052117582
tol 299 301 3.10105935490812
tol 301 303 1.93449845124357
tol 303 305 1.55630250076729
tol 305 307 3.24951631580166
tol 307 309 2.93464271116248
tol 309 311 2.17609125905568
tol 311 313 2.3654879848909
tol 313 315 2.11394335230684
tol 315 317 2.36361197989214
tol 317 319 2.44247976906445
tol 319 321 1.79588001734408
tol 321 323 2.00288568823749
tol 323 325 0.812913356642855
tol 325 327 0.698970004336019
tol 327 329 1.44715803134222
tol 329 331 2.03742649794062
tol 331 333 0.778151250383644
tol 333 335 0.903089986991943
tol 335 337 1
tol 337 339 1.43136376415899
tol 339 341 1.38021124171161
tol 341 343 1.96955926752343
tol 343 345 1.72427586960079
tol 345 347 -0.477121254719662
tol 347 349 0.929418925714293
tol 349 351 0.745966567012242
tol 351 353 1.87716184539205
tol 353 355 0.801632346233166
tol 355 357 0.433655560938572
tol 357 359 0.745966567012242
tol 359 361 0.977723605288848
tol 361 363 0.477121254719662
tol 363 365 1.19033169817029
tol 365 367 0.903089986991943
tol 367 369 0.522878745280338
tol 369 371 1.31527043477859
tol 371 373 0.806179973983887
tol 373 375 0.522878745280338
tol 375 377 0.763427993562937
tol 377 379 0
tol 379 381 0
tol 381 383 0
tol 383 385 -0.477121254719662
tol 385 387 -0.477121254719662
tol 387 389 0.1249387366083
tol 389 391 0.176091259055681
tol 391 393 0
tol 393 395 1.34242268082221
tol 395 397 -0.477121254719662
tol 397 399 0
tol 399 401 -0.301029995663981
tol 401 403 0
tol 403 405 0
tol 405 407 0.619788758288394
tol 407 409 1.92038424217836
tol 409 411 0
tol 411 413 -0.301029995663981
tol 413 415 1.13490533156949
tol 415 417 -0.477121254719662
tol 417 419 1.01888534416037
tol 419 421 0.750999004340029
tol 421 423 0.414973347970818
tol 423 425 0.176091259055681
tol 425 427 -0.602059991327962
tol 427 429 -0.477121254719662
tol 429 431 0.477121254719662
tol 431 433 -0.477121254719662
tol 433 435 -0.301029995663981
tol 435 437 -0.176091259055681
tol 437 439 -0.602059991327962
tol 439 441 -0.602059991327962
tol 441 443 -0.301029995663981
tol 443 445 0.301029995663981
tol 445 447 -0.301029995663981
tol 447 449 -0.1249387366083
tol 449 451 -0.301029995663981
tol 451 453 0
tol 453 455 0
tol 455 457 0
tol 457 459 0
tol 459 461 -0.301029995663981
tol 461 463 1.00616030870482
tol 463 465 0
tol 465 467 0.397940008672038
tol 467 469 0
tol 469 471 0.301029995663981
tol 471 473 -0.301029995663981
tol 473 475 0
tol 475 477 -0.477121254719662
tol 477 479 0.301029995663981
tol 479 481 1.34895354798116
tol 481 483 1.06069784035361
tol 483 485 0.8750612633917
tol 485 487 0
tol 487 489 0.812913356642855
tol 489 491 -0.301029995663981
tol 491 493 1
tol 493 495 0.544068044350276
tol 495 497 0.146128035678238
tol 497 499 0
tol 499 501 -0.602059991327962
tol 501 503 0
tol 503 505 0.1249387366083
tol 505 507 0.544068044350276
